-20.111370 0.000000 0.000000 0.503126 0.863321 -1.000000 0.000000 0.000000
-20.111370 0.000000 1.500000 0.388847 0.899237 -1.000000 0.000000 0.000000
-20.111370 0.881678 1.213526 0.388847 0.827406 -1.000000 0.000000 0.000000
-4.710274 0.000000 0.000000 0.913326 0.613019 1.000000 -0.000000 0.000000
-4.710274 0.668703 0.920391 0.826651 0.640259 1.000000 -0.000000 0.000000
-4.710274 0.000000 1.137665 0.826651 0.585779 1.000000 -0.000000 0.000000
1.415658 0.000000 1.255188 0.826651 0.525301 0.018200 -0.309000 -0.950900
-4.710274 0.000000 1.137665 0.822561 1.000000 0.018200 -0.309000 -0.950900
-4.710274 0.668703 0.920391 0.776989 0.999608 0.018200 -0.309000 -0.950900
-20.111370 0.000000 0.000000 0.503126 0.863321 -1.000000 0.000000 0.000000
-20.111370 0.881678 1.213526 0.388847 0.827406 -1.000000 0.000000 0.000000
-20.111370 1.426585 0.463525 0.432498 0.769294 -1.000000 0.000000 0.000000
-4.710274 0.000000 0.000000 0.913326 0.613019 1.000000 -0.000000 0.000000
-4.710274 1.081984 0.351558 0.859758 0.684334 1.000000 -0.000000 0.000000
-4.710274 0.668703 0.920391 0.826651 0.640259 1.000000 -0.000000 0.000000
-4.710274 0.668703 0.920391 0.776989 0.999608 0.018200 -0.808900 -0.587700
-4.710274 1.081984 0.351558 0.720666 1.000000 0.018200 -0.808900 -0.587700
1.415658 1.193755 0.387874 0.714231 0.525301 0.018200 -0.808900 -0.587700
-20.111370 0.000000 0.000000 0.503126 0.863321 -1.000000 0.000000 0.000000
-20.111370 1.426585 0.463525 0.432498 0.769294 -1.000000 0.000000 0.000000
-20.111370 1.426585 -0.463526 0.503126 0.747097 -1.000000 0.000000 0.000000
-4.710274 0.000000 0.000000 0.913326 0.613019 1.000000 -0.000000 0.000000
-4.710274 1.081984 -0.351558 0.913326 0.701169 1.000000 -0.000000 0.000000
-4.710274 1.081984 0.351558 0.859758 0.684334 1.000000 -0.000000 0.000000
-4.710274 1.081984 0.351558 0.543923 0.475439 0.018200 -0.999800 0.000000
-4.710274 1.081984 -0.351558 0.498355 0.474731 0.018200 -0.999800 0.000000
1.415658 1.193755 -0.387874 0.501264 0.000000 0.018200 -0.999800 0.000000
-20.111370 0.000000 0.000000 0.503126 0.863321 -1.000000 0.000000 0.000000
-20.111370 1.426585 -0.463526 0.503126 0.747097 -1.000000 0.000000 0.000000
-20.111370 0.881678 -1.213526 0.573755 0.769294 -1.000000 0.000000 0.000000
-4.710274 0.000000 0.000000 0.913326 0.613019 1.000000 -0.000000 0.000000
-4.710274 0.668703 -0.920391 0.966893 0.684334 1.000000 -0.000000 0.000000
-4.710274 1.081984 -0.351558 0.913326 0.701169 1.000000 -0.000000 0.000000
-4.710274 1.081984 -0.351558 0.498355 0.474731 0.018200 -0.808900 0.587700
-4.710274 0.668703 -0.920391 0.442031 0.474731 0.018200 -0.808900 0.587700
1.415658 0.737781 -1.015468 0.439122 0.000000 0.018200 -0.808900 0.587700
-20.111370 0.000000 0.000000 0.503126 0.863321 -1.000000 0.000000 0.000000
-20.111370 0.881678 -1.213526 0.573755 0.769294 -1.000000 0.000000 0.000000
-20.111370 -0.000000 -1.500000 0.617405 0.827406 -1.000000 0.000000 0.000000
-4.710274 0.000000 0.000000 0.913326 0.613019 1.000000 -0.000000 0.000000
-4.710274 -0.000000 -1.137665 1.000000 0.640259 1.000000 -0.000000 0.000000
-4.710274 0.668703 -0.920391 0.966893 0.684334 1.000000 -0.000000 0.000000
-4.710274 0.668703 -0.920391 0.442031 0.474731 0.018200 -0.309000 0.950900
-4.710274 -0.000000 -1.137665 0.396464 0.475439 0.018200 -0.309000 0.950900
1.415658 -0.000000 -1.255188 0.388847 0.000781 0.018200 -0.309000 0.950900
-20.111370 0.000000 0.000000 0.503126 0.863321 -1.000000 0.000000 0.000000
-20.111370 -0.000000 -1.500000 0.617405 0.827406 -1.000000 0.000000 0.000000
-20.111370 -0.881678 -1.213525 0.617405 0.899237 -1.000000 0.000000 0.000000
-4.710274 0.000000 0.000000 0.913326 0.613019 1.000000 -0.000000 0.000000
-4.710274 -0.668703 -0.920391 1.000000 0.585779 1.000000 -0.000000 0.000000
-4.710274 -0.000000 -1.137665 1.000000 0.640259 1.000000 -0.000000 0.000000
1.415658 -0.000000 -1.255188 0.551539 0.474658 0.018200 0.309000 0.950900
-4.710274 -0.000000 -1.137665 0.559155 0.000000 0.018200 0.309000 0.950900
-4.710274 -0.668703 -0.920391 0.604723 0.000708 0.018200 0.309000 0.950900
-20.111370 0.000000 0.000000 0.503126 0.863321 -1.000000 0.000000 0.000000
-20.111370 -0.881678 -1.213525 0.617405 0.899237 -1.000000 0.000000 0.000000
-20.111370 -1.426585 -0.463526 0.573755 0.957349 -1.000000 0.000000 0.000000
-4.710274 0.000000 0.000000 0.913326 0.613019 1.000000 -0.000000 0.000000
-4.710274 -1.081984 -0.351558 0.966893 0.541705 1.000000 -0.000000 0.000000
-4.710274 -0.668703 -0.920391 1.000000 0.585779 1.000000 -0.000000 0.000000
1.415658 -0.737781 -1.015468 0.601814 0.475439 0.018200 0.808900 0.587700
-4.710274 -0.668703 -0.920391 0.604723 0.000708 0.018200 0.808900 0.587700
-4.710274 -1.081984 -0.351558 0.661047 0.000708 0.018200 0.808900 0.587700
-20.111370 0.000000 0.000000 0.503126 0.863321 -1.000000 0.000000 0.000000
-20.111370 -1.426585 -0.463526 0.573755 0.957349 -1.000000 0.000000 0.000000
-20.111370 -1.426585 0.463526 0.503126 0.979546 -1.000000 0.000000 0.000000
-4.710274 0.000000 0.000000 0.913326 0.613019 1.000000 -0.000000 0.000000
-4.710274 -1.081984 0.351558 0.913326 0.524870 1.000000 -0.000000 0.000000
-4.710274 -1.081984 -0.351558 0.966893 0.541705 1.000000 -0.000000 0.000000
-4.710274 -1.081984 -0.351558 0.661047 0.000708 0.018200 0.999800 0.000000
-4.710274 -1.081984 0.351558 0.706614 0.000000 0.018200 0.999800 0.000000
1.415658 -1.193755 0.387875 0.714231 0.474658 0.018200 0.999800 0.000000
-20.111370 0.000000 0.000000 0.503126 0.863321 -1.000000 0.000000 0.000000
-20.111370 -1.426585 0.463526 0.503126 0.979546 -1.000000 0.000000 0.000000
-20.111370 -0.881677 1.213526 0.432498 0.957349 -1.000000 0.000000 0.000000
-4.710274 0.000000 0.000000 0.913326 0.613019 1.000000 -0.000000 0.000000
-4.710274 -0.668702 0.920391 0.859758 0.541705 1.000000 -0.000000 0.000000
-4.710274 -1.081984 0.351558 0.913326 0.524870 1.000000 -0.000000 0.000000
-4.710274 -1.081984 0.351558 0.370206 1.000000 0.018200 0.808900 -0.587700
-4.710274 -0.668702 0.920391 0.313883 0.999609 0.018200 0.808900 -0.587700
1.415658 -0.737781 1.015469 0.314500 0.524870 0.018200 0.808900 -0.587700
-20.111370 0.000000 0.000000 0.503126 0.863321 -1.000000 0.000000 0.000000
-20.111370 -0.881677 1.213526 0.432498 0.957349 -1.000000 0.000000 0.000000
-20.111370 0.000000 1.500000 0.388847 0.899237 -1.000000 0.000000 0.000000
-4.710274 0.000000 0.000000 0.913326 0.613019 1.000000 -0.000000 0.000000
-4.710274 0.000000 1.137665 0.826651 0.585779 1.000000 -0.000000 0.000000
-4.710274 -0.668702 0.920391 0.859758 0.541705 1.000000 -0.000000 0.000000
-4.710274 -0.668702 0.920391 0.313883 0.999609 0.018200 0.309000 -0.950900
-4.710274 0.000000 1.137665 0.268312 1.000000 0.018200 0.309000 -0.950900
1.415658 0.000000 1.255188 0.264221 0.525301 0.018200 0.309000 -0.950900
-20.111370 0.000000 1.500000 0.848574 0.000934 0.000000 0.309000 0.951100
0.986403 0.000000 1.500000 0.848574 0.524869 0.000000 0.309000 0.951100
0.986403 0.881678 1.213526 0.788494 0.523936 0.000000 0.309000 0.951100
-20.111370 0.881678 1.213526 0.788494 0.000000 0.000000 0.809000 0.587800
0.986403 0.881678 1.213526 0.788494 0.523936 0.000000 0.809000 0.587800
0.986403 1.426585 0.463525 0.714231 0.523936 0.000000 0.809000 0.587800
-20.111370 1.426585 0.463525 0.194423 0.000934 0.000000 1.000000 -0.000000
0.986403 1.426585 0.463525 0.194423 0.524870 0.000000 1.000000 -0.000000
0.986403 1.426585 -0.463526 0.134343 0.523936 0.000000 1.000000 -0.000000
-20.111370 1.426585 -0.463526 0.134343 0.000000 0.000000 0.809000 -0.587800
0.986403 1.426585 -0.463526 0.134343 0.523936 0.000000 0.809000 -0.587800
0.986403 0.881678 -1.213526 0.060080 0.523936 0.000000 0.809000 -0.587800
-20.111370 0.881678 -1.213526 0.060080 0.000000 0.000000 0.309000 -0.951100
0.986403 0.881678 -1.213526 0.060080 0.523936 0.000000 0.309000 -0.951100
0.986403 -0.000000 -1.500000 0.000000 0.524870 0.000000 0.309000 -0.951100
-20.111370 -0.000000 -1.500000 0.388847 0.000934 0.000000 -0.309000 -0.951100
0.986403 -0.000000 -1.500000 0.388847 0.524869 0.000000 -0.309000 -0.951100
0.986403 -0.881678 -1.213525 0.328767 0.523936 0.000000 -0.309000 -0.951100
0.986403 -0.881678 -1.213525 0.328767 0.523936 0.000000 -0.809000 -0.587800
0.986403 -1.426585 -0.463526 0.254504 0.523936 0.000000 -0.809000 -0.587800
-20.111370 -1.426585 -0.463526 0.254504 0.000000 0.000000 -0.809000 -0.587800
-20.111370 -1.426585 -0.463526 0.254504 0.000000 0.000000 -1.000000 0.000000
0.986403 -1.426585 -0.463526 0.254504 0.523936 0.000000 -1.000000 0.000000
0.986403 -1.426585 0.463526 0.194423 0.524870 0.000000 -1.000000 0.000000
-20.111370 -1.426585 0.463526 0.848574 0.524869 0.000000 -0.809000 0.587800
0.986403 -1.426585 0.463526 0.848574 0.000934 0.000000 -0.809000 0.587800
0.986403 -0.881677 1.213526 0.922838 0.000934 0.000000 -0.809000 0.587800
0.986403 -0.881677 1.213526 0.922838 0.000934 0.000000 -0.309000 0.951100
0.986403 0.000000 1.500000 0.982918 0.000000 0.000000 -0.309000 0.951100
-20.111370 0.000000 1.500000 0.982918 0.523936 0.000000 -0.309000 0.951100
0.986403 -0.000000 1.753014 0.388847 0.653242 -1.000000 0.000000 0.000000
0.986403 1.030396 1.418218 0.388847 0.569295 -1.000000 0.000000 0.000000
0.986403 0.881678 1.213526 0.408123 0.575353 -1.000000 0.000000 0.000000
0.986403 1.030396 1.418218 0.388847 0.569295 -1.000000 0.000000 0.000000
0.986403 1.667216 0.541711 0.439861 0.501380 -1.000000 0.000000 0.000000
0.986403 1.426585 0.463525 0.451774 0.517240 -1.000000 0.000000 0.000000
0.986403 1.426585 0.463525 0.451774 0.517240 -1.000000 0.000000 0.000000
0.986403 1.667216 0.541711 0.439861 0.501380 -1.000000 0.000000 0.000000
0.986403 1.667215 -0.541711 0.522402 0.475439 -1.000000 0.000000 0.000000
0.986403 1.667215 -0.541711 0.522402 0.475439 -1.000000 0.000000 0.000000
0.986403 1.030396 -1.418218 0.604944 0.501380 -1.000000 0.000000 0.000000
0.986403 0.881678 -1.213526 0.593031 0.517240 -1.000000 0.000000 0.000000
0.986403 1.030396 -1.418218 0.604944 0.501380 -1.000000 0.000000 0.000000
0.986403 -0.000000 -1.753014 0.655958 0.569295 -1.000000 0.000000 0.000000
0.986403 -0.000000 -1.500000 0.636682 0.575353 -1.000000 0.000000 0.000000
0.986403 -0.000000 -1.500000 0.636682 0.575353 -1.000000 0.000000 0.000000
0.986403 -0.000000 -1.753014 0.655958 0.569295 -1.000000 0.000000 0.000000
0.986403 -1.030396 -1.418218 0.655958 0.653242 -1.000000 0.000000 0.000000
0.986403 -1.030396 -1.418218 0.655958 0.653242 -1.000000 0.000000 0.000000
0.986403 -1.667215 -0.541711 0.604944 0.721156 -1.000000 0.000000 0.000000
0.986403 -1.426585 -0.463526 0.593031 0.705296 -1.000000 0.000000 0.000000
0.986403 -1.667215 -0.541711 0.604944 0.721156 -1.000000 0.000000 0.000000
0.986403 -1.667215 0.541711 0.522402 0.747097 -1.000000 0.000000 0.000000
0.986403 -1.426585 0.463526 0.522402 0.727493 -1.000000 0.000000 0.000000
0.986403 -1.426585 0.463526 0.522402 0.727493 -1.000000 0.000000 0.000000
0.986403 -1.667215 0.541711 0.522402 0.747097 -1.000000 0.000000 0.000000
0.986403 -1.030395 1.418219 0.439861 0.721156 -1.000000 0.000000 0.000000
0.986403 -1.030395 1.418219 0.439861 0.721156 -1.000000 0.000000 0.000000
0.986403 -0.000000 1.753014 0.388847 0.653242 -1.000000 0.000000 0.000000
0.986403 0.000000 1.500000 0.408123 0.647183 -1.000000 0.000000 0.000000
1.500000 -0.000000 1.734049 0.868435 0.702072 0.035100 0.308800 0.950500
1.500000 1.019248 1.402875 0.867818 0.769257 0.035100 0.308800 0.950500
1.422961 1.020920 1.405176 0.861643 0.769232 0.035100 0.308800 0.950500
1.500000 1.019248 1.402875 0.867818 0.769257 0.035100 0.808500 0.587400
1.500000 1.649178 0.535851 0.868435 0.852294 0.035100 0.808500 0.587400
1.422961 1.651884 0.536730 0.862261 0.852405 0.035100 0.808500 0.587400
1.500000 1.649178 0.535851 0.698238 0.476628 0.035100 0.999400 0.000000
1.500000 1.649178 -0.535851 0.697122 0.543808 0.035100 0.999400 0.000000
1.422961 1.651884 -0.536730 0.690948 0.543740 0.035100 0.999400 0.000000
1.500000 1.649178 -0.535851 0.697122 0.543808 0.035100 0.808500 -0.587400
1.500000 1.019248 -1.402875 0.697122 0.626846 0.035100 0.808500 -0.587400
1.422961 1.020920 -1.405176 0.690948 0.626915 0.035100 0.808500 -0.587400
1.500000 1.019248 -1.402875 0.697122 0.626846 0.035100 0.308800 -0.950500
1.500000 -0.000000 -1.734049 0.698238 0.694026 0.035100 0.308800 -0.950500
1.422961 -0.000000 -1.736893 0.692065 0.694204 0.035100 0.308800 -0.950500
1.500000 -0.000000 -1.734049 0.698238 0.696404 0.035100 -0.308800 -0.950500
1.500000 -1.019248 -1.402875 0.697122 0.763583 0.035100 -0.308800 -0.950500
1.422961 -1.020921 -1.405176 0.690948 0.763515 0.035100 -0.308800 -0.950500
1.500000 -1.019248 -1.402875 0.697122 0.763583 0.035100 -0.808500 -0.587400
1.500000 -1.649178 -0.535851 0.697122 0.846622 0.035100 -0.808500 -0.587400
1.422961 -1.651884 -0.536730 0.690948 0.846690 0.035100 -0.808500 -0.587400
1.500000 -1.649178 -0.535851 0.697122 0.846622 0.035100 -0.999400 0.000000
1.500000 -1.649178 0.535851 0.698238 0.913802 0.035100 -0.999400 0.000000
1.422961 -1.651884 0.536730 0.692065 0.913980 0.035100 -0.999400 0.000000
1.500000 -1.649178 0.535851 0.910218 0.701909 0.035100 -0.808500 0.587400
1.500000 -1.019248 1.402875 0.909602 0.784946 0.035100 -0.808500 0.587400
1.422961 -1.020920 1.405177 0.903427 0.784971 0.035100 -0.808500 0.587400
1.500000 -1.019248 1.402875 0.909602 0.784946 0.035100 -0.308800 0.950500
1.500000 -0.000000 1.734049 0.910218 0.852131 0.035100 -0.308800 0.950500
1.422961 -0.000000 1.736893 0.904044 0.852267 0.035100 -0.308800 0.950500
0.986403 -0.000000 1.753014 0.827275 0.701169 0.035100 0.308800 0.950500
1.422961 -0.000000 1.736893 0.862261 0.701936 0.035100 0.308800 0.950500
1.422961 1.020920 1.405176 0.861643 0.769232 0.035100 0.308800 0.950500
1.422961 1.020920 1.405176 0.861643 0.769232 0.035100 0.808500 0.587400
1.422961 1.651884 0.536730 0.862261 0.852405 0.035100 0.808500 0.587400
0.986403 1.667216 0.541711 0.827275 0.853034 0.035100 0.808500 0.587400
1.422961 1.651884 0.536730 0.692065 0.476450 0.035100 0.999400 0.000000
1.422961 1.651884 -0.536730 0.690948 0.543740 0.035100 0.999400 0.000000
0.986403 1.667215 -0.541711 0.655958 0.543354 0.035100 0.999400 0.000000
1.422961 1.651884 -0.536730 0.690948 0.543740 0.035100 0.808500 -0.587400
1.422961 1.020920 -1.405176 0.690948 0.626915 0.035100 0.808500 -0.587400
0.986403 1.030396 -1.418218 0.655958 0.627301 0.035100 0.808500 -0.587400
1.422961 1.020920 -1.405176 0.690948 0.626915 0.035100 0.308800 -0.950500
1.422961 -0.000000 -1.736893 0.692065 0.694204 0.035100 0.308800 -0.950500
0.986403 -0.000000 -1.753014 0.657086 0.695215 0.035100 0.308800 -0.950500
0.986403 -0.000000 -1.753014 0.657086 0.695215 0.035100 -0.308800 -0.950500
1.422961 -0.000000 -1.736893 0.692065 0.696225 0.035100 -0.308800 -0.950500
1.422961 -1.020921 -1.405176 0.690948 0.763515 0.035100 -0.308800 -0.950500
1.422961 -1.020921 -1.405176 0.690948 0.763515 0.035100 -0.808500 -0.587400
1.422961 -1.651884 -0.536730 0.690948 0.846690 0.035100 -0.808500 -0.587400
0.986403 -1.667215 -0.541711 0.655958 0.847076 0.035100 -0.808500 -0.587400
0.986403 -1.667215 -0.541711 0.655958 0.847076 0.035100 -0.999400 0.000000
1.422961 -1.651884 -0.536730 0.690948 0.846690 0.035100 -0.999400 0.000000
1.422961 -1.651884 0.536730 0.692065 0.913980 0.035100 -0.999400 0.000000
1.422961 -1.651884 0.536730 0.904044 0.701798 0.035100 -0.808500 0.587400
1.422961 -1.020920 1.405177 0.903427 0.784971 0.035100 -0.808500 0.587400
0.986403 -1.030395 1.418219 0.868435 0.785114 0.035100 -0.808500 0.587400
1.422961 -1.020920 1.405177 0.903427 0.784971 0.035100 -0.308800 0.950500
1.422961 -0.000000 1.736893 0.904044 0.852267 0.035100 -0.308800 0.950500
0.986403 -0.000000 1.753014 0.869058 0.853034 0.035100 -0.308800 0.950500
1.415658 0.000000 1.255188 0.132111 0.561973 0.983300 -0.056300 -0.173200
1.415658 0.737781 1.015468 0.073009 0.580547 0.983300 -0.056300 -0.173200
1.500000 1.019248 1.402875 0.050462 0.550530 0.983300 -0.056300 -0.173200
1.415658 0.737781 1.015468 0.073009 0.580547 0.983300 -0.147300 -0.107000
1.415658 1.193755 0.387874 0.036483 0.629175 0.983300 -0.147300 -0.107000
1.500000 1.649178 0.535851 0.000000 0.617710 0.983300 -0.147300 -0.107000
1.500000 1.649178 0.535851 0.000000 0.617710 0.983300 -0.182100 0.000000
1.415658 1.193755 0.387874 0.036483 0.629175 0.983300 -0.182100 0.000000
1.415658 1.193755 -0.387874 0.036483 0.689283 0.983300 -0.182100 0.000000
1.415658 1.193755 -0.387874 0.036483 0.689283 0.983300 -0.147300 0.107000
1.415658 0.737781 -1.015468 0.073009 0.737910 0.983300 -0.147300 0.107000
1.500000 1.019248 -1.402875 0.050462 0.767928 0.983300 -0.147300 0.107000
1.415658 0.737781 -1.015468 0.073009 0.737910 0.983300 -0.056300 0.173200
1.415658 -0.000000 -1.255188 0.132111 0.756485 0.983300 -0.056300 0.173200
1.500000 -0.000000 -1.734049 0.132111 0.793588 0.983300 -0.056300 0.173200
1.500000 -0.000000 -1.734049 0.132111 0.793588 0.983300 0.056300 0.173200
1.415658 -0.000000 -1.255188 0.132111 0.756485 0.983300 0.056300 0.173200
1.415658 -0.737781 -1.015468 0.191212 0.737910 0.983300 0.056300 0.173200
1.415658 -0.737781 -1.015468 0.191212 0.737910 0.983300 0.147300 0.107000
1.415658 -1.193755 -0.387874 0.227738 0.689283 0.983300 0.147300 0.107000
1.500000 -1.649178 -0.535851 0.264221 0.700748 0.983300 0.147300 0.107000
1.415658 -1.193755 -0.387874 0.227738 0.689283 0.983300 0.182100 0.000000
1.415658 -1.193755 0.387875 0.227738 0.629175 0.983300 0.182100 0.000000
1.500000 -1.649178 0.535851 0.264221 0.617710 0.983300 0.182100 0.000000
1.415658 -1.193755 0.387875 0.227738 0.629175 0.983300 0.147300 -0.107000
1.415658 -0.737781 1.015469 0.191212 0.580547 0.983300 0.147300 -0.107000
1.500000 -1.019248 1.402875 0.213759 0.550530 0.983300 0.147300 -0.107000
1.415658 -0.737781 1.015469 0.191212 0.580547 0.983300 0.056300 -0.173200
1.415658 0.000000 1.255188 0.132111 0.561973 0.983300 0.056300 -0.173200
1.500000 -0.000000 1.734049 0.132111 0.524870 0.983300 0.056300 -0.173200
1.415658 0.737781 1.015468 0.776372 0.524870 0.018200 -0.309000 -0.950900
1.415658 0.000000 1.255188 0.826651 0.525301 0.018200 -0.309000 -0.950900
-4.710274 0.668703 0.920391 0.776989 0.999608 0.018200 -0.309000 -0.950900
1.415658 0.737781 1.015468 0.776372 0.524870 0.018200 -0.808900 -0.587700
-4.710274 0.668703 0.920391 0.776989 0.999608 0.018200 -0.808900 -0.587700
1.415658 1.193755 0.387874 0.714231 0.525301 0.018200 -0.808900 -0.587700
1.415658 1.193755 0.387874 0.551539 0.000781 0.018200 -0.999800 0.000000
-4.710274 1.081984 0.351558 0.543923 0.475439 0.018200 -0.999800 0.000000
1.415658 1.193755 -0.387874 0.501264 0.000000 0.018200 -0.999800 0.000000
1.415658 1.193755 -0.387874 0.501264 0.000000 0.018200 -0.808900 0.587700
-4.710274 1.081984 -0.351558 0.498355 0.474731 0.018200 -0.808900 0.587700
1.415658 0.737781 -1.015468 0.439122 0.000000 0.018200 -0.808900 0.587700
1.415658 0.737781 -1.015468 0.439122 0.000000 0.018200 -0.309000 0.950900
-4.710274 0.668703 -0.920391 0.442031 0.474731 0.018200 -0.309000 0.950900
1.415658 -0.000000 -1.255188 0.388847 0.000781 0.018200 -0.309000 0.950900
1.415658 -0.737781 -1.015468 0.601814 0.475439 0.018200 0.309000 0.950900
1.415658 -0.000000 -1.255188 0.551539 0.474658 0.018200 0.309000 0.950900
-4.710274 -0.668703 -0.920391 0.604723 0.000708 0.018200 0.309000 0.950900
1.415658 -1.193755 -0.387874 0.663956 0.475439 0.018200 0.808900 0.587700
1.415658 -0.737781 -1.015468 0.601814 0.475439 0.018200 0.808900 0.587700
-4.710274 -1.081984 -0.351558 0.661047 0.000708 0.018200 0.808900 0.587700
1.415658 -1.193755 -0.387874 0.663956 0.475439 0.018200 0.999800 0.000000
-4.710274 -1.081984 -0.351558 0.661047 0.000708 0.018200 0.999800 0.000000
1.415658 -1.193755 0.387875 0.714231 0.474658 0.018200 0.999800 0.000000
1.415658 -1.193755 0.387875 0.376641 0.525301 0.018200 0.808900 -0.587700
-4.710274 -1.081984 0.351558 0.370206 1.000000 0.018200 0.808900 -0.587700
1.415658 -0.737781 1.015469 0.314500 0.524870 0.018200 0.808900 -0.587700
1.415658 -0.737781 1.015469 0.314500 0.524870 0.018200 0.309000 -0.950900
-4.710274 -0.668702 0.920391 0.313883 0.999609 0.018200 0.309000 -0.950900
1.415658 0.000000 1.255188 0.264221 0.525301 0.018200 0.309000 -0.950900
-20.111370 0.881678 1.213526 0.788494 0.000000 0.000000 0.309000 0.951100
-20.111370 0.000000 1.500000 0.848574 0.000934 0.000000 0.309000 0.951100
0.986403 0.881678 1.213526 0.788494 0.523936 0.000000 0.309000 0.951100
-20.111370 1.426585 0.463525 0.714231 0.000000 0.000000 0.809000 0.587800
-20.111370 0.881678 1.213526 0.788494 0.000000 0.000000 0.809000 0.587800
0.986403 1.426585 0.463525 0.714231 0.523936 0.000000 0.809000 0.587800
-20.111370 1.426585 -0.463526 0.134343 0.000000 0.000000 1.000000 -0.000000
-20.111370 1.426585 0.463525 0.194423 0.000934 0.000000 1.000000 -0.000000
0.986403 1.426585 -0.463526 0.134343 0.523936 0.000000 1.000000 -0.000000
-20.111370 0.881678 -1.213526 0.060080 0.000000 0.000000 0.809000 -0.587800
-20.111370 1.426585 -0.463526 0.134343 0.000000 0.000000 0.809000 -0.587800
0.986403 0.881678 -1.213526 0.060080 0.523936 0.000000 0.809000 -0.587800
-20.111370 -0.000000 -1.500000 0.000000 0.000934 0.000000 0.309000 -0.951100
-20.111370 0.881678 -1.213526 0.060080 0.000000 0.000000 0.309000 -0.951100
0.986403 -0.000000 -1.500000 0.000000 0.524870 0.000000 0.309000 -0.951100
-20.111370 -0.881678 -1.213525 0.328767 0.000000 0.000000 -0.309000 -0.951100
-20.111370 -0.000000 -1.500000 0.388847 0.000934 0.000000 -0.309000 -0.951100
0.986403 -0.881678 -1.213525 0.328767 0.523936 0.000000 -0.309000 -0.951100
-20.111370 -0.881678 -1.213525 0.328767 0.000000 0.000000 -0.809000 -0.587800
0.986403 -0.881678 -1.213525 0.328767 0.523936 0.000000 -0.809000 -0.587800
-20.111370 -1.426585 -0.463526 0.254504 0.000000 0.000000 -0.809000 -0.587800
-20.111370 -1.426585 0.463526 0.194423 0.000934 0.000000 -1.000000 0.000000
-20.111370 -1.426585 -0.463526 0.254504 0.000000 0.000000 -1.000000 0.000000
0.986403 -1.426585 0.463526 0.194423 0.524870 0.000000 -1.000000 0.000000
-20.111370 -0.881677 1.213526 0.922838 0.524869 0.000000 -0.809000 0.587800
-20.111370 -1.426585 0.463526 0.848574 0.524869 0.000000 -0.809000 0.587800
0.986403 -0.881677 1.213526 0.922838 0.000934 0.000000 -0.809000 0.587800
-20.111370 -0.881677 1.213526 0.922838 0.524869 0.000000 -0.309000 0.951100
0.986403 -0.881677 1.213526 0.922838 0.000934 0.000000 -0.309000 0.951100
-20.111370 0.000000 1.500000 0.982918 0.523936 0.000000 -0.309000 0.951100
0.986403 0.000000 1.500000 0.408123 0.647183 -1.000000 0.000000 0.000000
0.986403 -0.000000 1.753014 0.388847 0.653242 -1.000000 0.000000 0.000000
0.986403 0.881678 1.213526 0.408123 0.575353 -1.000000 0.000000 0.000000
0.986403 0.881678 1.213526 0.408123 0.575353 -1.000000 0.000000 0.000000
0.986403 1.030396 1.418218 0.388847 0.569295 -1.000000 0.000000 0.000000
0.986403 1.426585 0.463525 0.451774 0.517240 -1.000000 0.000000 0.000000
0.986403 1.426585 -0.463526 0.522402 0.495044 -1.000000 0.000000 0.000000
0.986403 1.426585 0.463525 0.451774 0.517240 -1.000000 0.000000 0.000000
0.986403 1.667215 -0.541711 0.522402 0.475439 -1.000000 0.000000 0.000000
0.986403 1.426585 -0.463526 0.522402 0.495044 -1.000000 0.000000 0.000000
0.986403 1.667215 -0.541711 0.522402 0.475439 -1.000000 0.000000 0.000000
0.986403 0.881678 -1.213526 0.593031 0.517240 -1.000000 0.000000 0.000000
0.986403 0.881678 -1.213526 0.593031 0.517240 -1.000000 0.000000 0.000000
0.986403 1.030396 -1.418218 0.604944 0.501380 -1.000000 0.000000 0.000000
0.986403 -0.000000 -1.500000 0.636682 0.575353 -1.000000 0.000000 0.000000
0.986403 -0.881678 -1.213525 0.636682 0.647183 -1.000000 0.000000 0.000000
0.986403 -0.000000 -1.500000 0.636682 0.575353 -1.000000 0.000000 0.000000
0.986403 -1.030396 -1.418218 0.655958 0.653242 -1.000000 0.000000 0.000000
0.986403 -0.881678 -1.213525 0.636682 0.647183 -1.000000 0.000000 0.000000
0.986403 -1.030396 -1.418218 0.655958 0.653242 -1.000000 0.000000 0.000000
0.986403 -1.426585 -0.463526 0.593031 0.705296 -1.000000 0.000000 0.000000
0.986403 -1.426585 -0.463526 0.593031 0.705296 -1.000000 0.000000 0.000000
0.986403 -1.667215 -0.541711 0.604944 0.721156 -1.000000 0.000000 0.000000
0.986403 -1.426585 0.463526 0.522402 0.727493 -1.000000 0.000000 0.000000
0.986403 -0.881677 1.213526 0.451774 0.705296 -1.000000 0.000000 0.000000
0.986403 -1.426585 0.463526 0.522402 0.727493 -1.000000 0.000000 0.000000
0.986403 -1.030395 1.418219 0.439861 0.721156 -1.000000 0.000000 0.000000
0.986403 -0.881677 1.213526 0.451774 0.705296 -1.000000 0.000000 0.000000
0.986403 -1.030395 1.418219 0.439861 0.721156 -1.000000 0.000000 0.000000
0.986403 0.000000 1.500000 0.408123 0.647183 -1.000000 0.000000 0.000000
1.422961 -0.000000 1.736893 0.862261 0.701936 0.035100 0.308800 0.950500
1.500000 -0.000000 1.734049 0.868435 0.702072 0.035100 0.308800 0.950500
1.422961 1.020920 1.405176 0.861643 0.769232 0.035100 0.308800 0.950500
1.422961 1.020920 1.405176 0.861643 0.769232 0.035100 0.808500 0.587400
1.500000 1.019248 1.402875 0.867818 0.769257 0.035100 0.808500 0.587400
1.422961 1.651884 0.536730 0.862261 0.852405 0.035100 0.808500 0.587400
1.422961 1.651884 0.536730 0.692065 0.476450 0.035100 0.999400 0.000000
1.500000 1.649178 0.535851 0.698238 0.476628 0.035100 0.999400 0.000000
1.422961 1.651884 -0.536730 0.690948 0.543740 0.035100 0.999400 0.000000
1.422961 1.651884 -0.536730 0.690948 0.543740 0.035100 0.808500 -0.587400
1.500000 1.649178 -0.535851 0.697122 0.543808 0.035100 0.808500 -0.587400
1.422961 1.020920 -1.405176 0.690948 0.626915 0.035100 0.808500 -0.587400
1.422961 1.020920 -1.405176 0.690948 0.626915 0.035100 0.308800 -0.950500
1.500000 1.019248 -1.402875 0.697122 0.626846 0.035100 0.308800 -0.950500
1.422961 -0.000000 -1.736893 0.692065 0.694204 0.035100 0.308800 -0.950500
1.422961 -0.000000 -1.736893 0.692065 0.696225 0.035100 -0.308800 -0.950500
1.500000 -0.000000 -1.734049 0.698238 0.696404 0.035100 -0.308800 -0.950500
1.422961 -1.020921 -1.405176 0.690948 0.763515 0.035100 -0.308800 -0.950500
1.422961 -1.020921 -1.405176 0.690948 0.763515 0.035100 -0.808500 -0.587400
1.500000 -1.019248 -1.402875 0.697122 0.763583 0.035100 -0.808500 -0.587400
1.422961 -1.651884 -0.536730 0.690948 0.846690 0.035100 -0.808500 -0.587400
1.422961 -1.651884 -0.536730 0.690948 0.846690 0.035100 -0.999400 0.000000
1.500000 -1.649178 -0.535851 0.697122 0.846622 0.035100 -0.999400 0.000000
1.422961 -1.651884 0.536730 0.692065 0.913980 0.035100 -0.999400 0.000000
1.422961 -1.651884 0.536730 0.904044 0.701798 0.035100 -0.808500 0.587400
1.500000 -1.649178 0.535851 0.910218 0.701909 0.035100 -0.808500 0.587400
1.422961 -1.020920 1.405177 0.903427 0.784971 0.035100 -0.808500 0.587400
1.422961 -1.020920 1.405177 0.903427 0.784971 0.035100 -0.308800 0.950500
1.500000 -1.019248 1.402875 0.909602 0.784946 0.035100 -0.308800 0.950500
1.422961 -0.000000 1.736893 0.904044 0.852267 0.035100 -0.308800 0.950500
0.986403 1.030396 1.418218 0.826651 0.769089 0.035100 0.308800 0.950500
0.986403 -0.000000 1.753014 0.827275 0.701169 0.035100 0.308800 0.950500
1.422961 1.020920 1.405176 0.861643 0.769232 0.035100 0.308800 0.950500
0.986403 1.030396 1.418218 0.826651 0.769089 0.035100 0.808500 0.587400
1.422961 1.020920 1.405176 0.861643 0.769232 0.035100 0.808500 0.587400
0.986403 1.667216 0.541711 0.827275 0.853034 0.035100 0.808500 0.587400
0.986403 1.667216 0.541711 0.657086 0.475439 0.035100 0.999400 0.000000
1.422961 1.651884 0.536730 0.692065 0.476450 0.035100 0.999400 0.000000
0.986403 1.667215 -0.541711 0.655958 0.543354 0.035100 0.999400 0.000000
0.986403 1.667215 -0.541711 0.655958 0.543354 0.035100 0.808500 -0.587400
1.422961 1.651884 -0.536730 0.690948 0.543740 0.035100 0.808500 -0.587400
0.986403 1.030396 -1.418218 0.655958 0.627301 0.035100 0.808500 -0.587400
0.986403 1.030396 -1.418218 0.655958 0.627301 0.035100 0.308800 -0.950500
1.422961 1.020920 -1.405176 0.690948 0.626915 0.035100 0.308800 -0.950500
0.986403 -0.000000 -1.753014 0.657086 0.695215 0.035100 0.308800 -0.950500
0.986403 -1.030396 -1.418218 0.655958 0.763129 0.035100 -0.308800 -0.950500
0.986403 -0.000000 -1.753014 0.657086 0.695215 0.035100 -0.308800 -0.950500
1.422961 -1.020921 -1.405176 0.690948 0.763515 0.035100 -0.308800 -0.950500
0.986403 -1.030396 -1.418218 0.655958 0.763129 0.035100 -0.808500 -0.587400
1.422961 -1.020921 -1.405176 0.690948 0.763515 0.035100 -0.808500 -0.587400
0.986403 -1.667215 -0.541711 0.655958 0.847076 0.035100 -0.808500 -0.587400
0.986403 -1.667215 0.541711 0.657086 0.914991 0.035100 -0.999400 0.000000
0.986403 -1.667215 -0.541711 0.655958 0.847076 0.035100 -0.999400 0.000000
1.422961 -1.651884 0.536730 0.692065 0.913980 0.035100 -0.999400 0.000000
0.986403 -1.667215 0.541711 0.869058 0.701169 0.035100 -0.808500 0.587400
1.422961 -1.651884 0.536730 0.904044 0.701798 0.035100 -0.808500 0.587400
0.986403 -1.030395 1.418219 0.868435 0.785114 0.035100 -0.808500 0.587400
0.986403 -1.030395 1.418219 0.868435 0.785114 0.035100 -0.308800 0.950500
1.422961 -1.020920 1.405177 0.903427 0.784971 0.035100 -0.308800 0.950500
0.986403 -0.000000 1.753014 0.869058 0.853034 0.035100 -0.308800 0.950500
1.500000 -0.000000 1.734049 0.132111 0.524870 0.983300 -0.056300 -0.173200
1.415658 0.000000 1.255188 0.132111 0.561973 0.983300 -0.056300 -0.173200
1.500000 1.019248 1.402875 0.050462 0.550530 0.983300 -0.056300 -0.173200
1.500000 1.019248 1.402875 0.050462 0.550530 0.983300 -0.147300 -0.107000
1.415658 0.737781 1.015468 0.073009 0.580547 0.983300 -0.147300 -0.107000
1.500000 1.649178 0.535851 0.000000 0.617710 0.983300 -0.147300 -0.107000
1.500000 1.649178 -0.535851 0.000000 0.700748 0.983300 -0.182100 0.000000
1.500000 1.649178 0.535851 0.000000 0.617710 0.983300 -0.182100 0.000000
1.415658 1.193755 -0.387874 0.036483 0.689283 0.983300 -0.182100 0.000000
1.500000 1.649178 -0.535851 0.000000 0.700748 0.983300 -0.147300 0.107000
1.415658 1.193755 -0.387874 0.036483 0.689283 0.983300 -0.147300 0.107000
1.500000 1.019248 -1.402875 0.050462 0.767928 0.983300 -0.147300 0.107000
1.500000 1.019248 -1.402875 0.050462 0.767928 0.983300 -0.056300 0.173200
1.415658 0.737781 -1.015468 0.073009 0.737910 0.983300 -0.056300 0.173200
1.500000 -0.000000 -1.734049 0.132111 0.793588 0.983300 -0.056300 0.173200
1.500000 -1.019248 -1.402875 0.213759 0.767928 0.983300 0.056300 0.173200
1.500000 -0.000000 -1.734049 0.132111 0.793588 0.983300 0.056300 0.173200
1.415658 -0.737781 -1.015468 0.191212 0.737910 0.983300 0.056300 0.173200
1.500000 -1.019248 -1.402875 0.213759 0.767928 0.983300 0.147300 0.107000
1.415658 -0.737781 -1.015468 0.191212 0.737910 0.983300 0.147300 0.107000
1.500000 -1.649178 -0.535851 0.264221 0.700748 0.983300 0.147300 0.107000
1.500000 -1.649178 -0.535851 0.264221 0.700748 0.983300 0.182100 0.000000
1.415658 -1.193755 -0.387874 0.227738 0.689283 0.983300 0.182100 0.000000
1.500000 -1.649178 0.535851 0.264221 0.617710 0.983300 0.182100 0.000000
1.500000 -1.649178 0.535851 0.264221 0.617710 0.983300 0.147300 -0.107000
1.415658 -1.193755 0.387875 0.227738 0.629175 0.983300 0.147300 -0.107000
1.500000 -1.019248 1.402875 0.213759 0.550530 0.983300 0.147300 -0.107000
1.500000 -1.019248 1.402875 0.213759 0.550530 0.983300 0.056300 -0.173200
1.415658 -0.737781 1.015469 0.191212 0.580547 0.983300 0.056300 -0.173200
1.500000 -0.000000 1.734049 0.132111 0.524870 0.983300 0.056300 -0.173200
