0.000000 0.000000 -20.111370 0.503126 0.863321 0.000000 0.000000 -1.000000
-1.500000 0.000000 -20.111370 0.388847 0.899237 0.000000 0.000000 -1.000000
-1.213526 0.881678 -20.111370 0.388847 0.827406 0.000000 0.000000 -1.000000
-0.000000 0.000000 -4.710274 0.913326 0.613019 0.000000 0.000000 1.000000
-0.920391 0.668703 -4.710274 0.826651 0.640259 0.000000 0.000000 1.000000
-1.137665 0.000000 -4.710274 0.826651 0.585779 0.000000 0.000000 1.000000
-1.137665 0.000000 -4.710274 0.822561 1.000000 0.950900 -0.309000 0.018200
-0.920391 0.668703 -4.710274 0.776989 0.999608 0.950900 -0.309000 0.018200
-1.015468 0.737781 1.415658 0.776372 0.524870 0.950900 -0.309000 0.018200
0.000000 0.000000 -20.111370 0.503126 0.863321 0.000000 0.000000 -1.000000
-1.213526 0.881678 -20.111370 0.388847 0.827406 0.000000 0.000000 -1.000000
-0.463525 1.426585 -20.111370 0.432498 0.769294 0.000000 0.000000 -1.000000
-0.000000 0.000000 -4.710274 0.913326 0.613019 0.000000 0.000000 1.000000
-0.351558 1.081984 -4.710274 0.859758 0.684334 0.000000 0.000000 1.000000
-0.920391 0.668703 -4.710274 0.826651 0.640259 0.000000 0.000000 1.000000
-0.920391 0.668703 -4.710274 0.776989 0.999608 0.587700 -0.808900 0.018200
-0.351558 1.081984 -4.710274 0.720666 1.000000 0.587700 -0.808900 0.018200
-0.387874 1.193755 1.415658 0.714231 0.525301 0.587700 -0.808900 0.018200
0.000000 0.000000 -20.111370 0.503126 0.863321 0.000000 0.000000 -1.000000
-0.463525 1.426585 -20.111370 0.432498 0.769294 0.000000 0.000000 -1.000000
0.463526 1.426585 -20.111370 0.503126 0.747097 0.000000 0.000000 -1.000000
-0.000000 0.000000 -4.710274 0.913326 0.613019 0.000000 0.000000 1.000000
0.351558 1.081984 -4.710274 0.913326 0.701169 0.000000 0.000000 1.000000
-0.351558 1.081984 -4.710274 0.859758 0.684334 0.000000 0.000000 1.000000
-0.387874 1.193755 1.415658 0.551539 0.000781 -0.000000 -0.999800 0.018200
-0.351558 1.081984 -4.710274 0.543923 0.475439 -0.000000 -0.999800 0.018200
0.351558 1.081984 -4.710274 0.498355 0.474731 -0.000000 -0.999800 0.018200
0.000000 0.000000 -20.111370 0.503126 0.863321 0.000000 0.000000 -1.000000
0.463526 1.426585 -20.111370 0.503126 0.747097 0.000000 0.000000 -1.000000
1.213526 0.881678 -20.111370 0.573755 0.769294 0.000000 0.000000 -1.000000
-0.000000 0.000000 -4.710274 0.913326 0.613019 0.000000 0.000000 1.000000
0.920391 0.668703 -4.710274 0.966893 0.684334 0.000000 0.000000 1.000000
0.351558 1.081984 -4.710274 0.913326 0.701169 0.000000 0.000000 1.000000
0.351558 1.081984 -4.710274 0.498355 0.474731 -0.587700 -0.808900 0.018200
0.920391 0.668703 -4.710274 0.442031 0.474731 -0.587700 -0.808900 0.018200
1.015468 0.737781 1.415658 0.439122 0.000000 -0.587700 -0.808900 0.018200
0.000000 0.000000 -20.111370 0.503126 0.863321 0.000000 0.000000 -1.000000
1.213526 0.881678 -20.111370 0.573755 0.769294 0.000000 0.000000 -1.000000
1.500000 -0.000000 -20.111370 0.617405 0.827406 0.000000 0.000000 -1.000000
-0.000000 0.000000 -4.710274 0.913326 0.613019 0.000000 0.000000 1.000000
1.137665 -0.000000 -4.710274 1.000000 0.640259 0.000000 0.000000 1.000000
0.920391 0.668703 -4.710274 0.966893 0.684334 0.000000 0.000000 1.000000
0.920391 0.668703 -4.710274 0.442031 0.474731 -0.950900 -0.309000 0.018200
1.137665 -0.000000 -4.710274 0.396464 0.475439 -0.950900 -0.309000 0.018200
1.255188 -0.000000 1.415658 0.388847 0.000781 -0.950900 -0.309000 0.018200
0.000000 0.000000 -20.111370 0.503126 0.863321 0.000000 0.000000 -1.000000
1.500000 -0.000000 -20.111370 0.617405 0.827406 0.000000 0.000000 -1.000000
1.213525 -0.881678 -20.111370 0.617405 0.899237 0.000000 0.000000 -1.000000
-0.000000 0.000000 -4.710274 0.913326 0.613019 0.000000 0.000000 1.000000
0.920391 -0.668703 -4.710274 1.000000 0.585779 0.000000 0.000000 1.000000
1.137665 -0.000000 -4.710274 1.000000 0.640259 0.000000 0.000000 1.000000
1.137665 -0.000000 -4.710274 0.559155 0.000000 -0.950900 0.309000 0.018200
0.920391 -0.668703 -4.710274 0.604723 0.000708 -0.950900 0.309000 0.018200
1.015468 -0.737781 1.415658 0.601814 0.475439 -0.950900 0.309000 0.018200
0.000000 0.000000 -20.111370 0.503126 0.863321 0.000000 0.000000 -1.000000
1.213525 -0.881678 -20.111370 0.617405 0.899237 0.000000 0.000000 -1.000000
0.463526 -1.426585 -20.111370 0.573755 0.957349 0.000000 0.000000 -1.000000
-0.000000 0.000000 -4.710274 0.913326 0.613019 0.000000 0.000000 1.000000
0.351558 -1.081984 -4.710274 0.966893 0.541705 0.000000 0.000000 1.000000
0.920391 -0.668703 -4.710274 1.000000 0.585779 0.000000 0.000000 1.000000
0.920391 -0.668703 -4.710274 0.604723 0.000708 -0.587700 0.808900 0.018200
0.351558 -1.081984 -4.710274 0.661047 0.000708 -0.587700 0.808900 0.018200
0.387874 -1.193755 1.415658 0.663956 0.475439 -0.587700 0.808900 0.018200
0.000000 0.000000 -20.111370 0.503126 0.863321 0.000000 0.000000 -1.000000
0.463526 -1.426585 -20.111370 0.573755 0.957349 0.000000 0.000000 -1.000000
-0.463526 -1.426585 -20.111370 0.503126 0.979546 0.000000 0.000000 -1.000000
-0.000000 0.000000 -4.710274 0.913326 0.613019 0.000000 0.000000 1.000000
-0.351558 -1.081984 -4.710274 0.913326 0.524870 0.000000 0.000000 1.000000
0.351558 -1.081984 -4.710274 0.966893 0.541705 0.000000 0.000000 1.000000
0.387874 -1.193755 1.415658 0.663956 0.475439 0.000000 0.999800 0.018200
0.351558 -1.081984 -4.710274 0.661047 0.000708 0.000000 0.999800 0.018200
-0.351558 -1.081984 -4.710274 0.706614 0.000000 0.000000 0.999800 0.018200
0.000000 0.000000 -20.111370 0.503126 0.863321 0.000000 0.000000 -1.000000
-0.463526 -1.426585 -20.111370 0.503126 0.979546 0.000000 0.000000 -1.000000
-1.213526 -0.881677 -20.111370 0.432498 0.957349 0.000000 0.000000 -1.000000
-0.000000 0.000000 -4.710274 0.913326 0.613019 0.000000 0.000000 1.000000
-0.920391 -0.668702 -4.710274 0.859758 0.541705 0.000000 0.000000 1.000000
-0.351558 -1.081984 -4.710274 0.913326 0.524870 0.000000 0.000000 1.000000
-0.351558 -1.081984 -4.710274 0.370206 1.000000 0.587700 0.808900 0.018200
-0.920391 -0.668702 -4.710274 0.313883 0.999609 0.587700 0.808900 0.018200
-1.015469 -0.737781 1.415658 0.314500 0.524870 0.587700 0.808900 0.018200
0.000000 0.000000 -20.111370 0.503126 0.863321 0.000000 0.000000 -1.000000
-1.213526 -0.881677 -20.111370 0.432498 0.957349 0.000000 0.000000 -1.000000
-1.500000 0.000000 -20.111370 0.388847 0.899237 0.000000 0.000000 -1.000000
-0.000000 0.000000 -4.710274 0.913326 0.613019 0.000000 0.000000 1.000000
-1.137665 0.000000 -4.710274 0.826651 0.585779 0.000000 0.000000 1.000000
-0.920391 -0.668702 -4.710274 0.859758 0.541705 0.000000 0.000000 1.000000
-0.920391 -0.668702 -4.710274 0.313883 0.999609 0.950900 0.309000 0.018200
-1.137665 0.000000 -4.710274 0.268312 1.000000 0.950900 0.309000 0.018200
-1.255188 0.000000 1.415658 0.264221 0.525301 0.950900 0.309000 0.018200
-1.500000 0.000000 0.986403 0.848574 0.524869 -0.951100 0.309000 0.000000
-1.213526 0.881678 0.986403 0.788494 0.523936 -0.951100 0.309000 0.000000
-1.213526 0.881678 -20.111370 0.788494 0.000000 -0.951100 0.309000 0.000000
-1.213526 0.881678 0.986403 0.788494 0.523936 -0.587800 0.809000 0.000000
-0.463525 1.426585 0.986403 0.714231 0.523936 -0.587800 0.809000 0.000000
-0.463525 1.426585 -20.111370 0.714231 0.000000 -0.587800 0.809000 0.000000
-0.463525 1.426585 -20.111370 0.194423 0.000934 0.000000 1.000000 0.000000
-0.463525 1.426585 0.986403 0.194423 0.524870 0.000000 1.000000 0.000000
0.463526 1.426585 0.986403 0.134343 0.523936 0.000000 1.000000 0.000000
0.463526 1.426585 0.986403 0.134343 0.523936 0.587800 0.809000 0.000000
1.213526 0.881678 0.986403 0.060080 0.523936 0.587800 0.809000 0.000000
1.213526 0.881678 -20.111370 0.060080 0.000000 0.587800 0.809000 0.000000
1.213526 0.881678 0.986403 0.060080 0.523936 0.951100 0.309000 0.000000
1.500000 -0.000000 0.986403 0.000000 0.524870 0.951100 0.309000 0.000000
1.500000 -0.000000 -20.111370 0.000000 0.000934 0.951100 0.309000 0.000000
1.500000 -0.000000 0.986403 0.388847 0.524869 0.951100 -0.309000 0.000000
1.213525 -0.881678 0.986403 0.328767 0.523936 0.951100 -0.309000 0.000000
1.213525 -0.881678 -20.111370 0.328767 0.000000 0.951100 -0.309000 0.000000
1.213525 -0.881678 -20.111370 0.328767 0.000000 0.587800 -0.809000 0.000000
1.213525 -0.881678 0.986403 0.328767 0.523936 0.587800 -0.809000 0.000000
0.463526 -1.426585 0.986403 0.254504 0.523936 0.587800 -0.809000 0.000000
0.463526 -1.426585 -20.111370 0.254504 0.000000 0.000000 -1.000000 0.000000
0.463526 -1.426585 0.986403 0.254504 0.523936 0.000000 -1.000000 0.000000
-0.463526 -1.426585 0.986403 0.194423 0.524870 0.000000 -1.000000 0.000000
-0.463526 -1.426585 -20.111370 0.848574 0.524869 -0.587800 -0.809000 0.000000
-0.463526 -1.426585 0.986403 0.848574 0.000934 -0.587800 -0.809000 0.000000
-1.213526 -0.881677 0.986403 0.922838 0.000934 -0.587800 -0.809000 0.000000
-1.213526 -0.881677 0.986403 0.922838 0.000934 -0.951100 -0.309000 0.000000
-1.500000 0.000000 0.986403 0.982918 0.000000 -0.951100 -0.309000 0.000000
-1.500000 0.000000 -20.111370 0.982918 0.523936 -0.951100 -0.309000 0.000000
-1.753014 -0.000000 0.986403 0.388847 0.653242 0.000000 0.000000 -1.000000
-1.418218 1.030396 0.986403 0.388847 0.569295 0.000000 0.000000 -1.000000
-1.213526 0.881678 0.986403 0.408123 0.575353 0.000000 0.000000 -1.000000
-1.418218 1.030396 0.986403 0.388847 0.569295 0.000000 0.000000 -1.000000
-0.541711 1.667216 0.986403 0.439861 0.501380 0.000000 0.000000 -1.000000
-0.463525 1.426585 0.986403 0.451774 0.517240 0.000000 0.000000 -1.000000
-0.463525 1.426585 0.986403 0.451774 0.517240 0.000000 0.000000 -1.000000
-0.541711 1.667216 0.986403 0.439861 0.501380 0.000000 0.000000 -1.000000
0.541711 1.667215 0.986403 0.522402 0.475439 0.000000 0.000000 -1.000000
0.541711 1.667215 0.986403 0.522402 0.475439 0.000000 0.000000 -1.000000
1.418218 1.030396 0.986403 0.604944 0.501380 0.000000 0.000000 -1.000000
1.213526 0.881678 0.986403 0.593031 0.517240 0.000000 0.000000 -1.000000
1.418218 1.030396 0.986403 0.604944 0.501380 0.000000 0.000000 -1.000000
1.753014 -0.000000 0.986403 0.655958 0.569295 0.000000 0.000000 -1.000000
1.500000 -0.000000 0.986403 0.636682 0.575353 0.000000 0.000000 -1.000000
1.500000 -0.000000 0.986403 0.636682 0.575353 0.000000 0.000000 -1.000000
1.753014 -0.000000 0.986403 0.655958 0.569295 0.000000 0.000000 -1.000000
1.418218 -1.030396 0.986403 0.655958 0.653242 0.000000 0.000000 -1.000000
1.418218 -1.030396 0.986403 0.655958 0.653242 0.000000 0.000000 -1.000000
0.541711 -1.667215 0.986403 0.604944 0.721156 0.000000 0.000000 -1.000000
0.463526 -1.426585 0.986403 0.593031 0.705296 0.000000 0.000000 -1.000000
0.541711 -1.667215 0.986403 0.604944 0.721156 0.000000 0.000000 -1.000000
-0.541711 -1.667215 0.986403 0.522402 0.747097 0.000000 0.000000 -1.000000
-0.463526 -1.426585 0.986403 0.522402 0.727493 0.000000 0.000000 -1.000000
-0.463526 -1.426585 0.986403 0.522402 0.727493 0.000000 0.000000 -1.000000
-0.541711 -1.667215 0.986403 0.522402 0.747097 0.000000 0.000000 -1.000000
-1.418219 -1.030395 0.986403 0.439861 0.721156 0.000000 0.000000 -1.000000
-1.418219 -1.030395 0.986403 0.439861 0.721156 0.000000 0.000000 -1.000000
-1.753014 -0.000000 0.986403 0.388847 0.653242 0.000000 0.000000 -1.000000
-1.500000 0.000000 0.986403 0.408123 0.647183 0.000000 0.000000 -1.000000
-1.734049 -0.000000 1.500000 0.868435 0.702072 -0.950500 0.308800 0.035100
-1.402875 1.019248 1.500000 0.867818 0.769257 -0.950500 0.308800 0.035100
-1.405176 1.020920 1.422961 0.861643 0.769232 -0.950500 0.308800 0.035100
-1.402875 1.019248 1.500000 0.867818 0.769257 -0.587400 0.808500 0.035100
-0.535851 1.649178 1.500000 0.868435 0.852294 -0.587400 0.808500 0.035100
-0.536730 1.651884 1.422961 0.862261 0.852405 -0.587400 0.808500 0.035100
-0.535851 1.649178 1.500000 0.698238 0.476628 0.000000 0.999400 0.035100
0.535851 1.649178 1.500000 0.697122 0.543808 0.000000 0.999400 0.035100
0.536730 1.651884 1.422961 0.690948 0.543740 0.000000 0.999400 0.035100
0.535851 1.649178 1.500000 0.697122 0.543808 0.587400 0.808500 0.035100
1.402875 1.019248 1.500000 0.697122 0.626846 0.587400 0.808500 0.035100
1.405176 1.020920 1.422961 0.690948 0.626915 0.587400 0.808500 0.035100
1.402875 1.019248 1.500000 0.697122 0.626846 0.950500 0.308800 0.035100
1.734049 -0.000000 1.500000 0.698238 0.694026 0.950500 0.308800 0.035100
1.736893 -0.000000 1.422961 0.692065 0.694204 0.950500 0.308800 0.035100
1.734049 -0.000000 1.500000 0.698238 0.696404 0.950500 -0.308800 0.035100
1.402875 -1.019248 1.500000 0.697122 0.763583 0.950500 -0.308800 0.035100
1.405176 -1.020921 1.422961 0.690948 0.763515 0.950500 -0.308800 0.035100
1.402875 -1.019248 1.500000 0.697122 0.763583 0.587400 -0.808500 0.035100
0.535851 -1.649178 1.500000 0.697122 0.846622 0.587400 -0.808500 0.035100
0.536730 -1.651884 1.422961 0.690948 0.846690 0.587400 -0.808500 0.035100
0.535851 -1.649178 1.500000 0.697122 0.846622 0.000000 -0.999400 0.035100
-0.535851 -1.649178 1.500000 0.698238 0.913802 0.000000 -0.999400 0.035100
-0.536730 -1.651884 1.422961 0.692065 0.913980 0.000000 -0.999400 0.035100
-0.535851 -1.649178 1.500000 0.910218 0.701909 -0.587400 -0.808500 0.035100
-1.402875 -1.019248 1.500000 0.909602 0.784946 -0.587400 -0.808500 0.035100
-1.405177 -1.020920 1.422961 0.903427 0.784971 -0.587400 -0.808500 0.035100
-1.402875 -1.019248 1.500000 0.909602 0.784946 -0.950500 -0.308800 0.035100
-1.734049 -0.000000 1.500000 0.910218 0.852131 -0.950500 -0.308800 0.035100
-1.736893 -0.000000 1.422961 0.904044 0.852267 -0.950500 -0.308800 0.035100
-1.736893 -0.000000 1.422961 0.862261 0.701936 -0.950500 0.308800 0.035100
-1.405176 1.020920 1.422961 0.861643 0.769232 -0.950500 0.308800 0.035100
-1.418218 1.030396 0.986403 0.826651 0.769089 -0.950500 0.308800 0.035100
-1.405176 1.020920 1.422961 0.861643 0.769232 -0.587400 0.808500 0.035100
-0.536730 1.651884 1.422961 0.862261 0.852405 -0.587400 0.808500 0.035100
-0.541711 1.667216 0.986403 0.827275 0.853034 -0.587400 0.808500 0.035100
-0.536730 1.651884 1.422961 0.692065 0.476450 0.000000 0.999400 0.035100
0.536730 1.651884 1.422961 0.690948 0.543740 0.000000 0.999400 0.035100
0.541711 1.667215 0.986403 0.655958 0.543354 0.000000 0.999400 0.035100
0.541711 1.667215 0.986403 0.655958 0.543354 0.587400 0.808500 0.035100
0.536730 1.651884 1.422961 0.690948 0.543740 0.587400 0.808500 0.035100
1.405176 1.020920 1.422961 0.690948 0.626915 0.587400 0.808500 0.035100
1.405176 1.020920 1.422961 0.690948 0.626915 0.950500 0.308800 0.035100
1.736893 -0.000000 1.422961 0.692065 0.694204 0.950500 0.308800 0.035100
1.753014 -0.000000 0.986403 0.657086 0.695215 0.950500 0.308800 0.035100
1.736893 -0.000000 1.422961 0.692065 0.696225 0.950500 -0.308800 0.035100
1.405176 -1.020921 1.422961 0.690948 0.763515 0.950500 -0.308800 0.035100
1.418218 -1.030396 0.986403 0.655958 0.763129 0.950500 -0.308800 0.035100
1.405176 -1.020921 1.422961 0.690948 0.763515 0.587400 -0.808500 0.035100
0.536730 -1.651884 1.422961 0.690948 0.846690 0.587400 -0.808500 0.035100
0.541711 -1.667215 0.986403 0.655958 0.847076 0.587400 -0.808500 0.035100
0.536730 -1.651884 1.422961 0.690948 0.846690 0.000000 -0.999400 0.035100
-0.536730 -1.651884 1.422961 0.692065 0.913980 0.000000 -0.999400 0.035100
-0.541711 -1.667215 0.986403 0.657086 0.914991 0.000000 -0.999400 0.035100
-0.541711 -1.667215 0.986403 0.869058 0.701169 -0.587400 -0.808500 0.035100
-0.536730 -1.651884 1.422961 0.904044 0.701798 -0.587400 -0.808500 0.035100
-1.405177 -1.020920 1.422961 0.903427 0.784971 -0.587400 -0.808500 0.035100
-1.405177 -1.020920 1.422961 0.903427 0.784971 -0.950500 -0.308800 0.035100
-1.736893 -0.000000 1.422961 0.904044 0.852267 -0.950500 -0.308800 0.035100
-1.753014 -0.000000 0.986403 0.869058 0.853034 -0.950500 -0.308800 0.035100
-1.255188 0.000000 1.415658 0.132111 0.561973 0.173200 -0.056300 0.983300
-1.015468 0.737781 1.415658 0.073009 0.580547 0.173200 -0.056300 0.983300
-1.402875 1.019248 1.500000 0.050462 0.550530 0.173200 -0.056300 0.983300
-1.015468 0.737781 1.415658 0.073009 0.580547 0.107000 -0.147300 0.983300
-0.387874 1.193755 1.415658 0.036483 0.629175 0.107000 -0.147300 0.983300
-0.535851 1.649178 1.500000 0.000000 0.617710 0.107000 -0.147300 0.983300
-0.535851 1.649178 1.500000 0.000000 0.617710 -0.000000 -0.182100 0.983300
-0.387874 1.193755 1.415658 0.036483 0.629175 -0.000000 -0.182100 0.983300
0.387874 1.193755 1.415658 0.036483 0.689283 -0.000000 -0.182100 0.983300
0.387874 1.193755 1.415658 0.036483 0.689283 -0.107000 -0.147300 0.983300
1.015468 0.737781 1.415658 0.073009 0.737910 -0.107000 -0.147300 0.983300
1.402875 1.019248 1.500000 0.050462 0.767928 -0.107000 -0.147300 0.983300
1.015468 0.737781 1.415658 0.073009 0.737910 -0.173200 -0.056300 0.983300
1.255188 -0.000000 1.415658 0.132111 0.756485 -0.173200 -0.056300 0.983300
1.734049 -0.000000 1.500000 0.132111 0.793588 -0.173200 -0.056300 0.983300
1.734049 -0.000000 1.500000 0.132111 0.793588 -0.173200 0.056300 0.983300
1.255188 -0.000000 1.415658 0.132111 0.756485 -0.173200 0.056300 0.983300
1.015468 -0.737781 1.415658 0.191212 0.737910 -0.173200 0.056300 0.983300
1.015468 -0.737781 1.415658 0.191212 0.737910 -0.107000 0.147300 0.983300
0.387874 -1.193755 1.415658 0.227738 0.689283 -0.107000 0.147300 0.983300
0.535851 -1.649178 1.500000 0.264221 0.700748 -0.107000 0.147300 0.983300
0.387874 -1.193755 1.415658 0.227738 0.689283 0.000000 0.182100 0.983300
-0.387875 -1.193755 1.415658 0.227738 0.629175 0.000000 0.182100 0.983300
-0.535851 -1.649178 1.500000 0.264221 0.617710 0.000000 0.182100 0.983300
-0.535851 -1.649178 1.500000 0.264221 0.617710 0.107000 0.147300 0.983300
-0.387875 -1.193755 1.415658 0.227738 0.629175 0.107000 0.147300 0.983300
-1.015469 -0.737781 1.415658 0.191212 0.580547 0.107000 0.147300 0.983300
-1.015469 -0.737781 1.415658 0.191212 0.580547 0.173200 0.056300 0.983300
-1.255188 0.000000 1.415658 0.132111 0.561973 0.173200 0.056300 0.983300
-1.734049 -0.000000 1.500000 0.132111 0.524870 0.173200 0.056300 0.983300
-1.255188 0.000000 1.415658 0.826651 0.525301 0.950900 -0.309000 0.018200
-1.137665 0.000000 -4.710274 0.822561 1.000000 0.950900 -0.309000 0.018200
-1.015468 0.737781 1.415658 0.776372 0.524870 0.950900 -0.309000 0.018200
-1.015468 0.737781 1.415658 0.776372 0.524870 0.587700 -0.808900 0.018200
-0.920391 0.668703 -4.710274 0.776989 0.999608 0.587700 -0.808900 0.018200
-0.387874 1.193755 1.415658 0.714231 0.525301 0.587700 -0.808900 0.018200
0.387874 1.193755 1.415658 0.501264 0.000000 -0.000000 -0.999800 0.018200
-0.387874 1.193755 1.415658 0.551539 0.000781 -0.000000 -0.999800 0.018200
0.351558 1.081984 -4.710274 0.498355 0.474731 -0.000000 -0.999800 0.018200
0.387874 1.193755 1.415658 0.501264 0.000000 -0.587700 -0.808900 0.018200
0.351558 1.081984 -4.710274 0.498355 0.474731 -0.587700 -0.808900 0.018200
1.015468 0.737781 1.415658 0.439122 0.000000 -0.587700 -0.808900 0.018200
1.015468 0.737781 1.415658 0.439122 0.000000 -0.950900 -0.309000 0.018200
0.920391 0.668703 -4.710274 0.442031 0.474731 -0.950900 -0.309000 0.018200
1.255188 -0.000000 1.415658 0.388847 0.000781 -0.950900 -0.309000 0.018200
1.255188 -0.000000 1.415658 0.551539 0.474658 -0.950900 0.309000 0.018200
1.137665 -0.000000 -4.710274 0.559155 0.000000 -0.950900 0.309000 0.018200
1.015468 -0.737781 1.415658 0.601814 0.475439 -0.950900 0.309000 0.018200
1.015468 -0.737781 1.415658 0.601814 0.475439 -0.587700 0.808900 0.018200
0.920391 -0.668703 -4.710274 0.604723 0.000708 -0.587700 0.808900 0.018200
0.387874 -1.193755 1.415658 0.663956 0.475439 -0.587700 0.808900 0.018200
-0.387875 -1.193755 1.415658 0.714231 0.474658 0.000000 0.999800 0.018200
0.387874 -1.193755 1.415658 0.663956 0.475439 0.000000 0.999800 0.018200
-0.351558 -1.081984 -4.710274 0.706614 0.000000 0.000000 0.999800 0.018200
-0.387875 -1.193755 1.415658 0.376641 0.525301 0.587700 0.808900 0.018200
-0.351558 -1.081984 -4.710274 0.370206 1.000000 0.587700 0.808900 0.018200
-1.015469 -0.737781 1.415658 0.314500 0.524870 0.587700 0.808900 0.018200
-1.015469 -0.737781 1.415658 0.314500 0.524870 0.950900 0.309000 0.018200
-0.920391 -0.668702 -4.710274 0.313883 0.999609 0.950900 0.309000 0.018200
-1.255188 0.000000 1.415658 0.264221 0.525301 0.950900 0.309000 0.018200
-1.500000 0.000000 -20.111370 0.848574 0.000934 -0.951100 0.309000 0.000000
-1.500000 0.000000 0.986403 0.848574 0.524869 -0.951100 0.309000 0.000000
-1.213526 0.881678 -20.111370 0.788494 0.000000 -0.951100 0.309000 0.000000
-1.213526 0.881678 -20.111370 0.788494 0.000000 -0.587800 0.809000 0.000000
-1.213526 0.881678 0.986403 0.788494 0.523936 -0.587800 0.809000 0.000000
-0.463525 1.426585 -20.111370 0.714231 0.000000 -0.587800 0.809000 0.000000
0.463526 1.426585 -20.111370 0.134343 0.000000 0.000000 1.000000 0.000000
-0.463525 1.426585 -20.111370 0.194423 0.000934 0.000000 1.000000 0.000000
0.463526 1.426585 0.986403 0.134343 0.523936 0.000000 1.000000 0.000000
0.463526 1.426585 -20.111370 0.134343 0.000000 0.587800 0.809000 0.000000
0.463526 1.426585 0.986403 0.134343 0.523936 0.587800 0.809000 0.000000
1.213526 0.881678 -20.111370 0.060080 0.000000 0.587800 0.809000 0.000000
1.213526 0.881678 -20.111370 0.060080 0.000000 0.951100 0.309000 0.000000
1.213526 0.881678 0.986403 0.060080 0.523936 0.951100 0.309000 0.000000
1.500000 -0.000000 -20.111370 0.000000 0.000934 0.951100 0.309000 0.000000
1.500000 -0.000000 -20.111370 0.388847 0.000934 0.951100 -0.309000 0.000000
1.500000 -0.000000 0.986403 0.388847 0.524869 0.951100 -0.309000 0.000000
1.213525 -0.881678 -20.111370 0.328767 0.000000 0.951100 -0.309000 0.000000
0.463526 -1.426585 -20.111370 0.254504 0.000000 0.587800 -0.809000 0.000000
1.213525 -0.881678 -20.111370 0.328767 0.000000 0.587800 -0.809000 0.000000
0.463526 -1.426585 0.986403 0.254504 0.523936 0.587800 -0.809000 0.000000
-0.463526 -1.426585 -20.111370 0.194423 0.000934 0.000000 -1.000000 0.000000
0.463526 -1.426585 -20.111370 0.254504 0.000000 0.000000 -1.000000 0.000000
-0.463526 -1.426585 0.986403 0.194423 0.524870 0.000000 -1.000000 0.000000
-1.213526 -0.881677 -20.111370 0.922838 0.524869 -0.587800 -0.809000 0.000000
-0.463526 -1.426585 -20.111370 0.848574 0.524869 -0.587800 -0.809000 0.000000
-1.213526 -0.881677 0.986403 0.922838 0.000934 -0.587800 -0.809000 0.000000
-1.213526 -0.881677 -20.111370 0.922838 0.524869 -0.951100 -0.309000 0.000000
-1.213526 -0.881677 0.986403 0.922838 0.000934 -0.951100 -0.309000 0.000000
-1.500000 0.000000 -20.111370 0.982918 0.523936 -0.951100 -0.309000 0.000000
-1.500000 0.000000 0.986403 0.408123 0.647183 0.000000 0.000000 -1.000000
-1.753014 -0.000000 0.986403 0.388847 0.653242 0.000000 0.000000 -1.000000
-1.213526 0.881678 0.986403 0.408123 0.575353 0.000000 0.000000 -1.000000
-1.213526 0.881678 0.986403 0.408123 0.575353 0.000000 0.000000 -1.000000
-1.418218 1.030396 0.986403 0.388847 0.569295 0.000000 0.000000 -1.000000
-0.463525 1.426585 0.986403 0.451774 0.517240 0.000000 0.000000 -1.000000
0.463526 1.426585 0.986403 0.522402 0.495044 0.000000 0.000000 -1.000000
-0.463525 1.426585 0.986403 0.451774 0.517240 0.000000 0.000000 -1.000000
0.541711 1.667215 0.986403 0.522402 0.475439 0.000000 0.000000 -1.000000
0.463526 1.426585 0.986403 0.522402 0.495044 0.000000 0.000000 -1.000000
0.541711 1.667215 0.986403 0.522402 0.475439 0.000000 0.000000 -1.000000
1.213526 0.881678 0.986403 0.593031 0.517240 0.000000 0.000000 -1.000000
1.213526 0.881678 0.986403 0.593031 0.517240 0.000000 0.000000 -1.000000
1.418218 1.030396 0.986403 0.604944 0.501380 0.000000 0.000000 -1.000000
1.500000 -0.000000 0.986403 0.636682 0.575353 0.000000 0.000000 -1.000000
1.213525 -0.881678 0.986403 0.636682 0.647183 0.000000 0.000000 -1.000000
1.500000 -0.000000 0.986403 0.636682 0.575353 0.000000 0.000000 -1.000000
1.418218 -1.030396 0.986403 0.655958 0.653242 0.000000 0.000000 -1.000000
1.213525 -0.881678 0.986403 0.636682 0.647183 0.000000 0.000000 -1.000000
1.418218 -1.030396 0.986403 0.655958 0.653242 0.000000 0.000000 -1.000000
0.463526 -1.426585 0.986403 0.593031 0.705296 0.000000 0.000000 -1.000000
0.463526 -1.426585 0.986403 0.593031 0.705296 0.000000 0.000000 -1.000000
0.541711 -1.667215 0.986403 0.604944 0.721156 0.000000 0.000000 -1.000000
-0.463526 -1.426585 0.986403 0.522402 0.727493 0.000000 0.000000 -1.000000
-1.213526 -0.881677 0.986403 0.451774 0.705296 0.000000 0.000000 -1.000000
-0.463526 -1.426585 0.986403 0.522402 0.727493 0.000000 0.000000 -1.000000
-1.418219 -1.030395 0.986403 0.439861 0.721156 0.000000 0.000000 -1.000000
-1.213526 -0.881677 0.986403 0.451774 0.705296 0.000000 0.000000 -1.000000
-1.418219 -1.030395 0.986403 0.439861 0.721156 0.000000 0.000000 -1.000000
-1.500000 0.000000 0.986403 0.408123 0.647183 0.000000 0.000000 -1.000000
-1.736893 -0.000000 1.422961 0.862261 0.701936 -0.950500 0.308800 0.035100
-1.734049 -0.000000 1.500000 0.868435 0.702072 -0.950500 0.308800 0.035100
-1.405176 1.020920 1.422961 0.861643 0.769232 -0.950500 0.308800 0.035100
-1.405176 1.020920 1.422961 0.861643 0.769232 -0.587400 0.808500 0.035100
-1.402875 1.019248 1.500000 0.867818 0.769257 -0.587400 0.808500 0.035100
-0.536730 1.651884 1.422961 0.862261 0.852405 -0.587400 0.808500 0.035100
-0.536730 1.651884 1.422961 0.692065 0.476450 0.000000 0.999400 0.035100
-0.535851 1.649178 1.500000 0.698238 0.476628 0.000000 0.999400 0.035100
0.536730 1.651884 1.422961 0.690948 0.543740 0.000000 0.999400 0.035100
0.536730 1.651884 1.422961 0.690948 0.543740 0.587400 0.808500 0.035100
0.535851 1.649178 1.500000 0.697122 0.543808 0.587400 0.808500 0.035100
1.405176 1.020920 1.422961 0.690948 0.626915 0.587400 0.808500 0.035100
1.405176 1.020920 1.422961 0.690948 0.626915 0.950500 0.308800 0.035100
1.402875 1.019248 1.500000 0.697122 0.626846 0.950500 0.308800 0.035100
1.736893 -0.000000 1.422961 0.692065 0.694204 0.950500 0.308800 0.035100
1.736893 -0.000000 1.422961 0.692065 0.696225 0.950500 -0.308800 0.035100
1.734049 -0.000000 1.500000 0.698238 0.696404 0.950500 -0.308800 0.035100
1.405176 -1.020921 1.422961 0.690948 0.763515 0.950500 -0.308800 0.035100
1.405176 -1.020921 1.422961 0.690948 0.763515 0.587400 -0.808500 0.035100
1.402875 -1.019248 1.500000 0.697122 0.763583 0.587400 -0.808500 0.035100
0.536730 -1.651884 1.422961 0.690948 0.846690 0.587400 -0.808500 0.035100
0.536730 -1.651884 1.422961 0.690948 0.846690 0.000000 -0.999400 0.035100
0.535851 -1.649178 1.500000 0.697122 0.846622 0.000000 -0.999400 0.035100
-0.536730 -1.651884 1.422961 0.692065 0.913980 0.000000 -0.999400 0.035100
-0.536730 -1.651884 1.422961 0.904044 0.701798 -0.587400 -0.808500 0.035100
-0.535851 -1.649178 1.500000 0.910218 0.701909 -0.587400 -0.808500 0.035100
-1.405177 -1.020920 1.422961 0.903427 0.784971 -0.587400 -0.808500 0.035100
-1.405177 -1.020920 1.422961 0.903427 0.784971 -0.950500 -0.308800 0.035100
-1.402875 -1.019248 1.500000 0.909602 0.784946 -0.950500 -0.308800 0.035100
-1.736893 -0.000000 1.422961 0.904044 0.852267 -0.950500 -0.308800 0.035100
-1.753014 -0.000000 0.986403 0.827275 0.701169 -0.950500 0.308800 0.035100
-1.736893 -0.000000 1.422961 0.862261 0.701936 -0.950500 0.308800 0.035100
-1.418218 1.030396 0.986403 0.826651 0.769089 -0.950500 0.308800 0.035100
-1.418218 1.030396 0.986403 0.826651 0.769089 -0.587400 0.808500 0.035100
-1.405176 1.020920 1.422961 0.861643 0.769232 -0.587400 0.808500 0.035100
-0.541711 1.667216 0.986403 0.827275 0.853034 -0.587400 0.808500 0.035100
-0.541711 1.667216 0.986403 0.657086 0.475439 0.000000 0.999400 0.035100
-0.536730 1.651884 1.422961 0.692065 0.476450 0.000000 0.999400 0.035100
0.541711 1.667215 0.986403 0.655958 0.543354 0.000000 0.999400 0.035100
1.418218 1.030396 0.986403 0.655958 0.627301 0.587400 0.808500 0.035100
0.541711 1.667215 0.986403 0.655958 0.543354 0.587400 0.808500 0.035100
1.405176 1.020920 1.422961 0.690948 0.626915 0.587400 0.808500 0.035100
1.418218 1.030396 0.986403 0.655958 0.627301 0.950500 0.308800 0.035100
1.405176 1.020920 1.422961 0.690948 0.626915 0.950500 0.308800 0.035100
1.753014 -0.000000 0.986403 0.657086 0.695215 0.950500 0.308800 0.035100
1.753014 -0.000000 0.986403 0.657086 0.695215 0.950500 -0.308800 0.035100
1.736893 -0.000000 1.422961 0.692065 0.696225 0.950500 -0.308800 0.035100
1.418218 -1.030396 0.986403 0.655958 0.763129 0.950500 -0.308800 0.035100
1.418218 -1.030396 0.986403 0.655958 0.763129 0.587400 -0.808500 0.035100
1.405176 -1.020921 1.422961 0.690948 0.763515 0.587400 -0.808500 0.035100
0.541711 -1.667215 0.986403 0.655958 0.847076 0.587400 -0.808500 0.035100
0.541711 -1.667215 0.986403 0.655958 0.847076 0.000000 -0.999400 0.035100
0.536730 -1.651884 1.422961 0.690948 0.846690 0.000000 -0.999400 0.035100
-0.541711 -1.667215 0.986403 0.657086 0.914991 0.000000 -0.999400 0.035100
-1.418219 -1.030395 0.986403 0.868435 0.785114 -0.587400 -0.808500 0.035100
-0.541711 -1.667215 0.986403 0.869058 0.701169 -0.587400 -0.808500 0.035100
-1.405177 -1.020920 1.422961 0.903427 0.784971 -0.587400 -0.808500 0.035100
-1.418219 -1.030395 0.986403 0.868435 0.785114 -0.950500 -0.308800 0.035100
-1.405177 -1.020920 1.422961 0.903427 0.784971 -0.950500 -0.308800 0.035100
-1.753014 -0.000000 0.986403 0.869058 0.853034 -0.950500 -0.308800 0.035100
-1.734049 -0.000000 1.500000 0.132111 0.524870 0.173200 -0.056300 0.983300
-1.255188 0.000000 1.415658 0.132111 0.561973 0.173200 -0.056300 0.983300
-1.402875 1.019248 1.500000 0.050462 0.550530 0.173200 -0.056300 0.983300
-1.402875 1.019248 1.500000 0.050462 0.550530 0.107000 -0.147300 0.983300
-1.015468 0.737781 1.415658 0.073009 0.580547 0.107000 -0.147300 0.983300
-0.535851 1.649178 1.500000 0.000000 0.617710 0.107000 -0.147300 0.983300
0.535851 1.649178 1.500000 0.000000 0.700748 -0.000000 -0.182100 0.983300
-0.535851 1.649178 1.500000 0.000000 0.617710 -0.000000 -0.182100 0.983300
0.387874 1.193755 1.415658 0.036483 0.689283 -0.000000 -0.182100 0.983300
0.535851 1.649178 1.500000 0.000000 0.700748 -0.107000 -0.147300 0.983300
0.387874 1.193755 1.415658 0.036483 0.689283 -0.107000 -0.147300 0.983300
1.402875 1.019248 1.500000 0.050462 0.767928 -0.107000 -0.147300 0.983300
1.402875 1.019248 1.500000 0.050462 0.767928 -0.173200 -0.056300 0.983300
1.015468 0.737781 1.415658 0.073009 0.737910 -0.173200 -0.056300 0.983300
1.734049 -0.000000 1.500000 0.132111 0.793588 -0.173200 -0.056300 0.983300
1.402875 -1.019248 1.500000 0.213759 0.767928 -0.173200 0.056300 0.983300
1.734049 -0.000000 1.500000 0.132111 0.793588 -0.173200 0.056300 0.983300
1.015468 -0.737781 1.415658 0.191212 0.737910 -0.173200 0.056300 0.983300
1.402875 -1.019248 1.500000 0.213759 0.767928 -0.107000 0.147300 0.983300
1.015468 -0.737781 1.415658 0.191212 0.737910 -0.107000 0.147300 0.983300
0.535851 -1.649178 1.500000 0.264221 0.700748 -0.107000 0.147300 0.983300
0.535851 -1.649178 1.500000 0.264221 0.700748 0.000000 0.182100 0.983300
0.387874 -1.193755 1.415658 0.227738 0.689283 0.000000 0.182100 0.983300
-0.535851 -1.649178 1.500000 0.264221 0.617710 0.000000 0.182100 0.983300
-1.402875 -1.019248 1.500000 0.213759 0.550530 0.107000 0.147300 0.983300
-0.535851 -1.649178 1.500000 0.264221 0.617710 0.107000 0.147300 0.983300
-1.015469 -0.737781 1.415658 0.191212 0.580547 0.107000 0.147300 0.983300
-1.402875 -1.019248 1.500000 0.213759 0.550530 0.173200 0.056300 0.983300
-1.015469 -0.737781 1.415658 0.191212 0.580547 0.173200 0.056300 0.983300
-1.734049 -0.000000 1.500000 0.132111 0.524870 0.173200 0.056300 0.983300
